4631154634
3344563332
1352656156
1621555215
2254646623
6561545425
4646254261
6451111233
6442311611
2142456361
5265465453
3112336324
3143266254
6352631661
1244661524
5633225234
1351641126
3315462211
1541423335
5335613331
6555636143
6111411642
5616256142
5315135544
2333212531
4123615245
1621225236
3634645632
1145221452
1515255626
3663545455
5545466522
4632365245
5465114652
1614436533
1312256141
2332562646
3445556553
5523356436
5365345116
5643621345
4221121266
6113246644
4261452643
5131113133
4333613333
4113341556
3156662225
5441316465
4553365361
3333251444
4664435314
1154331226
4614256213
3615443353
3145155562
6556233544
1331411111
3551463632
2612226652
1132446634
5565443661
3542534364
4666351255
4562555543
6256336232
1661616444
4631615644
3462142214
1515126132
3114123626
2325345224
1533553253
2515436553
4214165112
5551254224
5252664234
3632412533
3362535461
1454125332
2662215322
3516133136
1253521343
4121642654
4432231413
4566622216
1455346534
5443151222
2126314532
5636142456
5334643622
2253544316
3643312414
4216345661
6534365664
5415422336
4541453641
5646324463
3224465514
5261562655
2161466452
5365354513
4264463363
2666353545
5124564654
3324326352
1435454524
4536454454
6121633363
4444612213
6466333336
3655264113
6216354163
6153151236
2612335264
2621511226
5664616556
1453345321
1115156164
5511323346
3321561646
1336164552
3543154615
3146152152
4424532426
6555564634
5435166153
2512133322
4641545314
4512524124
6446455336
3444621421
6162234211
5643243616
2121264114
2615644354
5661431664
1164355561
4246351533
1324263442
4552316133
2126644653
2435624363
5322315565
5541114551
1433462112
4543544224
5553525551
4413525522
5624656632
4252453154
4426144446
5552564266
5526421432
3241164433
5651633164
6656253416
6134364455
5322353665
5325231624
4652536413
2135255364
4236112456
2544115643
6511452236
1652412263
4133255245
6363351345
3561514642
4141216555
5624254316
5164622566
3514336125
3534126436
1636645341
2466525644
6543365135
3244635331
4544646333
6141656124
3325411351
4416352323
5314523132
1116416651
1453234663
1434524523
1412355223
4542416646
1263512254
6134654631
4426131531
6643455536
5162151423
3264553421
2366141613
2314151142
3134441226
2552365216
4235136443
4154563325
5455454544
6464453141
4361234566
6433513312
2556462665
3624553434
5453531245
5433111131
6414433452
4454312562
5151564124
4624214661
5635362541
5636243253
1564121526
2312424626
3124525251
5561162516
4265634214
5445265254
2254515651
6634643625
5226666556
5355641415
1155624333
3224136146
5663665561
1436116251
3314461131
5241516323
1233421525
3363162364
1652215243
2526154466
2644352566
2232544431
2316233655
6521345323
2421265123
1354156551
5315643423
2646223624
1514116111
6516664615
2424411352
1121436666
6331115463
2334532362
6621615225
1252466313
1613153256
5331242261
2454246351
2516636563
5541363116
5266153633
1231126632
6344361561
1232241355
1441256342
5312614612
2141226632
6214412215
5125251625
3133242332
2113511161
4614664624
1564626426
5412154121
6432234511
1234363424
3154234414
1115236625
5225625313
1444644353
3556466133
5612111416
2126432355
1432343322
1463443526
6655361365
4544344542
2416566264
5562462245
6264632242
1652424435
6262451322
1153644124
2553512254
2141313363
4431665463
1146444354
4135126534
6152653151
1442424423
2456562623
5541112344
3143612534
6362565613
6256624125
5623445265
4513465352
4361215413
5156362655
5651256663
1224461361
6236125226
2162623243
5153114625
6215653224
1641566261
1655512512
5325133113
4112631233
4464514323
2221365336
4626165235
2552165522
2256152513
5235163424
3435633521
6216343116
4153446522
3321154456
6343465464
4661133525
4612134463
6264422432
2132451665
4246632521
1615421223
6342551461
6441266161
5346136631
6251334511
4525261451
2264466146
2222522654
1456215433
3614315323
6461542215
2416344661
4326551344
1433664442
2131653431
3366344632
6556152214
2434315463
6635656526
6566222345
2115454266
6412266621
1166254413
6553221115
5261665143
1644442634
5554356442
4546531615
4655554322
2536665654
3122453153
3342656442
6233426416
6361452165
1434646162
1126144232
1551216655
6121442525
5624531135
4361343346
1541251642
2541456666
1433651325
2165512641
6412162212
6145136413
5255363313
2656151325
1252321262
4452545354
5113424661
6162466555
1416622523
3332435144
6436465124
1655225454
3212526526
6336543511
5161221241
3634524426
6416234455
6261262422
3525342245
4552422112
3522232366
3244231451
5541455655
1651461253
1451665264
1334646363
6351436146
3335142653
1123233434
4645116455
4122461144
3424652166
4646411335
2232661613
3613463123
5423312315
4544335211
1455663366
6341635633
2665566152
4143544242
4512664565
2612566546
3351115214
1212554643
5226352211
4522434345
4643624162
3515231545
4126461463
4163116342
3235425363
5242424365
2516411516
1546312625
5123662314
2362616452
1132312323
1152252565
2516414563
6556111615
4655441526
2523466543
2254516143
6316356546
1441153546
5553352462
1255151526
5234346413
5211466532
5216634561
6235212634
1513612443
4113511124
6556155616
1664312461
1612153266
5634336665
1611123325
3244542252
2524566111
3222323362
6416562662
2426514144
2532654632
6331162262
4146311141
4554552514
3235151663
2466266444
6151211236
3256513521
4342115465
4441622353
4514436322
6325353244
4565514365
5142313512
2222653533
3322434121
4354233152
4163525542
5661434545
6262435312
2624315635
5253665324
5222323512
1266264563
1333362366
3251545645
2152341434
4624515135
4663333362
5634541431
1454126515
2223443434
6513111445
2413536331
5322341121
5346653153
1263514461
6242542134
4246363155
6554463232
2136332134
6535413231
5466665232
3122452421
3165246242
4252641165
1355246555
2232263614
6544261411
5422445656
6214344335
6264364564
6522615546
1662433631
6346561242
5555536646
4323141631
4332512535
5265333161
5564166564
4554444462
4551234234
4434526321
2345532123
4361533366
5643531326
4643235454
3544415254
1626361514
1361465216
5462134115
6323123636
2221554112
1643146166
3415555443
5624665311
3332665145
5466625146
5643464641
4543541525
6441243461
6662133654
4413311212
6131421436
5262325163
5541142523
5335451231
5123542563
1631623653
6125164422
3113446524
6646365124
3551313154
2452342522
1213536623
3225646665
5441444541
6632556423
3312655431
6156665532
2662365611
2123435234
2234224621
6121356145
2566452446
6636341223
1353331663
2136126265
1355324532
5432236162
5631521331
1662623315
6533332431
4112212242
2134564611
6444121426
5616112465
1343111543
3524321442
5342115524
3522644225
4632265615
5511631362
3454525212
1622661624
6342355642
6623265121
6546434362
5151613665
3153433114
1316542632
1153511355
4552556111
3322656213
1163343255
6345616324
3251431414
1536253125
4666363211
6235361126
3651313314
2213631443
6345466644
1153165552
6563314554
2315611612
6154236334
6253316265
2145421651
4626141525
5614152434
4511535353
5436625623
3643316162
5466354414
1164552224
6551112211
6222353465
5514155524
5422425345
6161312551
4223653651
3246662614
6561634626
4616145113
6243241661
4655226121
4511362455
1251154352
6214452452
2264245464
1434424164
4634313215
6123245446
2662255624
6262646312
6125344232
3534551334
4414432251
4565122626
5421431465
5345511163
3352145462
6165454444
1633536335
1545623435
6646451432
6565654315
4164561463
5323136564
4342132532
3221126633
5453422252
1435515235
5561345621
5521356625
3221342551
5324552352
6441232145
5132614244
3162311542
2416116132
2133315163
5565435353
3435212424
2214354542
2362461621
1445655462
2321153644
2154463523
1615166263
3652556256
3312421121
6625464546
2641212666
6346421624
3446131162
2451442253
4636154426
6355415255
3336145652
5314646661
1625465255
1254321112
2232334363
4556242463
2612222411
2614255612
6665354425
2425641421
1654563324
4265635166
6442354663
6362431625
4163641234
5114363641
6666153623
6426433213
5461166636
6532514123
6353136356
5634463554
5636122525
5311564336
5222416452
3516444445
6342566262
1115243346
6641225664
2461526423
1543324214
3445464664
6255156323
1535423116
3246114622
2252266362
3323535414
2245434561
1323512253
6362434241
1655663514
1341322551
2151324133
4616423262
1335431134
6552255452
4334131562
3265123451
1366332541
6236333631
6613214442
6533663616
3455523614
4231323341
1552644264
1456151353
1362253454
6433631263
2212632216
6423216431
2243141434
5532252552
2555543354
4515262341
3612256555
2443416622
5615222332
5541661355
5523522322
1333255343
3454545122
2663423234
3225614521
5166163226
4233326522
6363344216
4414653562
4233155424
1324233635
6452544253
6536662312
1256646355
5661146536
6521654224
3331122136
5653511443
3426632163
3124122513
5412346632
2351542553
2553223233
1223426513
5534315446
1434634623
1563162254
1126221632
6442224665
6114316165
6215126655
6523635555
3261322444
3454331563
2431226455
2325231365
6116662213
2651613115
5444262534
2444622264
5226544445
4345336413
5433445125
3461332551
5514343663
1511562463
6144636356
3245442246
1464112344
5145336135
5631661345
6454235254
4345454523
2153314114
3566341514
5513566245
4652123336
2344516564
4642666612
6126544162
1311115245
6652625612
3366433164
5542636531
6443644546
6156333616
5466141256
1125446453
3123625556
4652431555
5126335645
5132121614
6621664142
1422352544
6612123265
1451453212
2444332662
4551624634
3313555453
2415642333
3152125445
3222233621
1664466631
5624615544
5165256416
5262111463
6126461244
4135521315
2224125413
5355235562
6212252236
3552162123
2444261661
3531621652
5644422424
1121443333
6124562224
2264362323
4155132443
4521542621
5264451164
2512544325
2232665152
5361562146
6242263143
4616141326
3645235324
6226635652
1462512626
5562361111
5214556161
6526131451
4563154325
5524233113
1216551665
1515562254
2643336261
4316324415
1614352652
4661234634
4631365654
3161133223
6346353541
3163551223
6352446335
2122463665
4453643132
5325644624
6435444245
1413541346
2431545113
1213364253
4434555254
6333123633
2154425336
5415524514
3512534656
3651166436
3223454636
3344136334
5125643633
3345463355
5261252621
3143546324
6641262433
2212313244
3221213431
1323244355
2512561122
5343413562
2111542452
3146451543
1321463455
1666166216
3643115313
3533615361
3663122125
3663414314
4223112334
3624335151
1452115445
2654556121
5136331122
3123455324
1351342665
4242213511
4152324524
3335662132
3626415661
5322662415
5641345244
5564623335
1426443561
1442111346
1424642141
6656144654
3355221235
6536313531
6446546422
6564215224
6252132425
4146215563
3552321445
4636511356
1234211442
5263435265
6613236354
3626364432
6451433653
5642524144
2562225541
6341316235
5163126346
1513421642
4432461421
3415123525
2422165216
3164324121
2441525661
4262424211
3233561466
4154344164
2356256645
5245515562
3266646221
4516661652
6325414546
1113251642
6453526652
1153164545
3535463114
1442226411
2415132346
4123433231
3626334542
5345562261
3565411462
1334431514
3343425161
2441261112
6414131351
2231521664
6442315442
1324225631
3545165423
1452132512
3413465131
2511425655
4555221226
5423241566
2421355634
5665143362
3464646612
5345253134
5115246332
3162245351
4455654143
6466336243
1524211462
4513666642
1332513513
5115315324
4514644344
1246365366
5261325523
2252513361
2516512333
1451622321
3113521513
5233655635
5631516666
3325344153
2135414331
1363443324
4131524421
2325511325
3426642244
5433445644
6241516126
2562213642
1264114643
3543416652
5353141231
2166364255
2646622353
3554652633
4541342441
1136336555
5426356422
4166441255
5314114656
1165565322
6555164462
6254452356
3626131165
5623414422
4516111243
3321211144
1644334665
1552433613
1151216541
2531522342
6355653526
4531552326
2152432112
2246642313
1456423324
2611255416
4453343663
2624253132
2416125544
5125423635
6265661233
2413143534
5465633565
3334436426
3544151545
5542426232
6124111654
4456632552
6614235155
2165261554
3521512263
3425124245
6415561262
1432652144
6162513642
2355542144
6555651214
3356556244
1415626152
3155211462
4454362344
4451241426
2216414155
3161334314
4154414611
2612162522
3415423456
2543354622
6636336341
4446461515
5344432665
5221556645
4252634645
1211641436
5542552662
1342411446
2662522645
2231416364
1243424335
3553226214
4361136363
1465335633
5355266451
6351416211
2352164613
2455251255
2615616126
4244464421
6454121533
1125442344
5515453153
4664566434
2113663563
4112565526
4655466653
1313266122
4543356232
3163441226
2352254616
6142336346
4121423513
5463351241
2364354556
3332623224
5525624363
1454136344
5464213313
3514246251
4361441533
1515245353
5164316633
5444615413
1522412543
6666165632
4126611163
6123235242
2426551241
1411435253
6133413133
4233445655
1662365234
3134354555
6152222253
4335121354
6553446352
1332166363
5322422356
3415331125
2143455331
5413244331
4363115153
1653464541
5526351634
1244613512
1113342423
1413333465
2226334122
2241551242
1623364355
4463145423
6462223563
5626615213
5465341231
1422613546
5322523345
2443252161
6223633654
5135124332
4461566225
5253444263
1116555425
3511543523
3323536532
3163361254
4345452456
1135646632
1426445522
4523345143
4512664525
1464161545
1342123516
3556211325
2554533631
5324344154
3454125411
2442263331
3521621153
3362123161
5633163131
5624631136
5454216266
3235255114
1444352266
1564536512
2356453336
1162415152
5414542214
1435362136
3264146124
4152541555
4552466516
2522314534
1613434266
1411163645
1443461163
3614264565
4351144116
2552331544
4456252622
5561142145
5556213152
6431134515
4126116161
3313326436
1364664523
4625355125
3624135245
1216151263
5445336536
6251346331
5541462444
2333333412
4544555222
4263213644
4463344553
1535633236
5446323355
2213344152
6341524665
2346362364
6534366224
6232212122
2546214555
2353664451
4413155212
2165334551
3624612221
5232565246
1654123624
3221252331
6524115142
5613132216
3112234151
2425631425
1653615114
5655223551
1451511665
6133243226
3231623543
4453545243
1266542556
2152415523
5442251351
4445645234
6355221241
4424416225
3221456225
1431245222
4551132615
3245555146
4251653555
3645613436
4364526451
6321625166
1421234433
2163255561
3653156666
3165135264
2143465226
3346616324
6236656563
3364366456
4564446455
2543335412
6421424545
6123332316
4566363234
4142364211
4221455363
3253114216
5221152222
1462313615
1343435366
5125262332
5155364636
2156534451
6564556621
2254255562
3144416344
3464611521
2542613632
1511655433
5122112356
1253323161
5555356436
4233444451
4641265161
1642164653
4346516511
5451233144
5424315362
2624663465
2642135526
4455226423
2412442566
4645651431
3135444614
2216151525
3653633211
4666244633
6235165333
3244236312
2212241565
4424146115
3513152222
3262454211
4521623441
1453322226
5651315313
2363344553
4232642235
2551666444
1266261545
4442416424
2413645111
6143435164
1651664535
6161343321
1611613113
1453663616
5412461364
6441415263
6551631242
2415514266
5224555645
5665316436
6352356643
3143625531
4635516256
3315425464
5534266523
5433642655
1166455333
3454434512
1513651431
1124543626
6126643321
1141435363
1525623561
3232214126
4253554636
6223423161
2454455224
3615632215
3412121644
2211362233
3635516625
4252212144
2366651563
6446366455
3655244662
6464216154
2226413614
6565113346
2213524312
3156553521
6236641346
5361454511
3624461451
4243153166
1663424214
3214662624
6441421262
5534545652
4444452644
1131325334
5141116411
2313515143
6325543655
6364113525
1332362253
3441566643
3643641135
6636634665
6434645215
1246133333
4423515234
6532255531
4356351213
3614616142
3255555632
6341613532
5646254522
3553526535
2135556156
3641625643
5214624424
2131333526
2324244152
1156251566
4214335341
3621244223
2122433431
6162624565
4316345132
3225441634
4133545366
4524545336
2465665115
5251646165
1554165643
6461322153
2666465364
6223626131
4361666543
2511244256
2314232565
3426641514
4264652642
2254465361
6224315656
6213555226
5126136642
6654635143
3415411324
3564422166
3515255223
5466616316
3621246222
4316462324
2125254525
3222244363
6561532363
6265514621
4113661351
2231543511
5122323253
6261325155
6511111466
4256116642
5261522266
4115566141
6154141326
2544431551
6251123223
3231443461
2454241652
4154326116
6416466335
5636143223
6144146225
3525261224
6241424545
6516346444
4366611346
5434352626
3146663464
3113464444
4445362661
1215461156
1666355126
2156113164
6265314221
2146145325
1133465321
5565525343
5162443535
3365453322
3413124455
4541552265
5163123364
1441522123
1363445465
2463565514
5325234133
2522552331
1465144253
2515656145
2314155324
1544151324
4553554511
4531612324
3132322213
3451153661
3265335442
1641342564
6255415664
2543325353
3134335313
1415336346
2226241231
2331412651
2534446355
3556652246
3434654111
1551411431
5121342635
1426411445
4124616643
4114251226
2246255653
4614524535
1521451345
2556546525
4652622335
4315141313
3635451135
3554445245
1612531433
2526654553
2532563123
3143235122
5554526555
5134455226
2351526464
1242161263
2226526663
2222635335
6122222665
4614113354
2262152114
3623512534
2465435113
6462632564
5611631143
6223646122
1321355425
3154616432
3363155111
5233241223
2611164444
5555166423
5314344124
3541555523
1465144441
1344134531
1655346526
1432441225
5532521523
5143126263
2553563542
3433214345
1144136531
4314136346
3262224615
3313133565
6533234316
3565445666
5626265643
6561613211
2341353121
5163324244
4263114156
1232255546
6663435242
2234622633
2634543163
3115515514
6546216241
3213223544
2351151444
6633226462
1321422326
5663621332
2422634425
6542251342
6253134126
1632551422
4111262631
2336414422
6145322332
5325255324
4156351626
3414162621
5412453466
5433563431
4524633416
2133131432
1513223415
5464512433
1625542563
1336463413
1333213523
6524135423
2343514144
3211331433
5142364446
4664551136
5552161363
1256126433
4646323261
1433534141
4161312445
6653525322
3234264135
5132112462
3246541113
1133545566
5666224562
3661456321
3643116116
4665166456
4143254624
1412665461
5266336155
6266314541
3431631432
2546161516
4233642226
4542254454
2233362326
1436235111
2615665562
3164624356
5333661423
6514553342
1562554466
2361324611
3532454523
6361524364
1513166534
5352426215
5225632146
5636161523
5544644456
5512455613
1514666424
1363341612
3355564262
3613434164
6624155345
5416314223
5144331545
5162653262
4565554655
1324214614
3562526116
5546443553
4641416163
4134265435
2536433243
1211355611
6235323514
2162664136
1113126356
2124542236
3421233636
5166451466
5166433454
2442262135
3354233161
4626133436
5533465656
4634256635
2512641121
4552261144
4425625545
6226336611
4361122241
1412263542
1462663666
3542613422
2243315562
1354526135
1111636456
3335661242
3313363516
1524231635
3636146453
6155561214
6243122231
5265366445
5152162634
6215262153
5122111613
2415314634
5341541354
5566552441
5263515135
3552212545
2666162364
5464251352
5613346443
4311643461
3515556544
6536126332
4461254333
5114431434
5416666422
3543612515
2116512655
4523623223
1624626561
1653266141
5431431115
5536114653
3626555446
1463416625
2143351262
5166266454
2556623124
4334153541
5111166424
2152244244
4333556114
5334446251
6542626621
3625123424
6521335254
5155116641
6266324625
3324635314
5146332535
2143351521
5531255331
4613551155
1661442252
6566566235
4542416352
2163612256
2464535413
2333441556
4563142146
6132264445
3344315454
1351426133
3231153631
3623433326
2444366554
1326466564
6541343632
3646626561
6251513634
1326621326
4624542245
6432153631
3131453163
2366522653
1634526331
4214116136
1311513425
3563443146
4645611361
4311665241
3455365223
5125633422
5264233615
6462254551
3356446453
3415463153
3161144363
5133525122
5454153353
6146414162
4152253225
3662611325
4126621234
1633252266
4416243211
3612531213
2151323442
6433526113
3561643244
4442522645
4614431232
2633444356
1236561565
4126265531
1212246146
2223311643
6262354134
4344523652
2463236554
3243431136
1556161544
4463151433
2433223214
1243345246
4264355334
6125634263
5566354414
6533535444
2425535464
4231141222
3253655415
5536565565
4264664535
3255152163
4621363443
2366524525
1422144616
5365166166
6645254355
2552411523
4463523536
4331331442
3536452551
2335451434
5645155324
2345131644
2252416634
6266611522
2145552454
3241226416
3444251213
5645422542
4646663421
6654241213
3155242133
1611414115
6122623633
4353351135
5436256556
6135326544
5654344553
5222634351
4311313123
2243624122
1612564112
6153112226
2246411123
4266544445
2532264154
6641322253
2464335151
1416456513
1446525641
5345443312
1423363355
6241614224
4331154533
4545522326
3454313535
6342643321
4233336531
5613146152
3442515133
5262321114
1155562354
2416444532
3545213331
5664232211
6651214264
4421211536
1454361452
2631332561
2314236342
2544451641
5333351311
4211652644
3564526151
6153525326
1165144114
1425264136
5463232535
3664653523
4331463213
3146565256
1214412662
2365252415
5512224422
4536554341
5644454141
6235551626
1334324665
1254223553
3621142155
3115524323
6234563531
3132251344
2425262661
2441413642
6665421165
4146235252
1132122211
4663225313
1254131614
6464435562
5545143112
6346564535
4415334344
6262626132
3366451256
1221163314
2661524525
2351552453
1115463543
1112356645
1345553256
1211615221
6324531213
6214532246
6265435323
6542616125
5124231621
4266366213
3253351566
6321651526
4414621314
6332251522
3422352115
4625162641
2512464563
3535246253
2324213515
2442165116
6143663535
2326451134
4636425355
6316655155
5361446414
3141554553
2236532222
2152612522
2315643455
2656224522
1631651365
3632562254
1223642614
2223261544
4142161552
4211351324
4556611134
1552315531
5432534612
6151351215
4364523256
6525216515
3524453462
3436366311
1243541221
5152362332
1124563214
3135654531
3332222354
6251332412
3562243632
4244442326
3424461545
6436433622
2223216353
6534445521
2364111146
1621615234
1351654261
6352321356
4162252341
1561362153
5231243146
4113622652
3222353116
6646336351
2321644426
1151565335
1521551432
1536454564
2232554546
5426235135
4216166115
6244566443
6633323311
4135213611
5262524656
4425235422
5215451451
6533163324
1125656642
3553451162
4553311661
3155121212
6422264653
2526615663
5364563113
6144643114
2556125446
5413535164
6164665436
6646563264
1644535653
6125544466
1235112626
5463236521
6222551512
6136464141
5224232655
1662161425
5466622514
1165443131
5332233343
6345514332
2351512123
2413646661
6411365432
4421152311
4362564235
6145353331
3342422124
3666136236
1261652431
5144352563
3134425236
5515631666
3265332246
2362642333
4532312462
1644224625
1351151626
5342154125
3515151132
4355561344
4636323442
3611351463
4123666664
6363661112
6266642544
5342312623
1512464355
5643353554
5543336366
1331424433
3636435652
4663624246
4342263646
3242453554
2624152554
5263353631
3523451451
2611542225
5463332122
2426444313
1366335216
6333661113
4123455534
5423645264
6532615213
5464233233
1223214422
3332446212
1623342356
5323446415
5115125364
6654232614
6213312333
4216624612
4162466131
2153346135
5415313361
4556531354
6662526245
2541425236
6441413311
2364313311
4326222342
1523666462
5211413455
1215115433
3345625556
2235624622
3522515615
5136452322
4556524551
4665452453
3212361463
5241512344
5245163552
4532532643
2155613126
6361355642
6113634345
1556266242
1633234646
5635241624
3366433354
5455144435
1446361163
6162566313
5252561121
3111245453
6252416234
6621544145
5533221631
2135523533
3456655326
4631442643
1265625122
5525431644
4624265116
2443333464
5211665516
2653453332
6111343613
6653442624
1412116315
3551636253
5631126526
3615232153
6644266545
5422331363
1324526531
4544213635
4126162261
4556152663
2432654535
1651644225
2534154111
2315433655
5641525335
4541633353
1664322521
1625124563
6162413334
1566224416
3461545351
3512313216
1511451653
3151641211
2253564335
1335511212
2631431413
1365625336
5125223634
4244316464
2122164255
1565441112
3463231625
3266231421
6165466636
5352311641
5641463662
4363455511
5643311563
5426233514
5546452346
4155416326
5615134433
4511423114
2152312421
5225632336
2326443163
4435544115
1633411122
4661114555
3336511143
1625565435
3212555216
3533422253
2546121136
4636253114
1243323145
6621662661
5136663152
4665243542
5525452645
5121623434
5246125256
4511323616
5616465644
6141331116
5211343145
1112542322
4464355121
4553664653
1564441551
1135525222
1133541112
1324513116
3661643166
6615355356
2631546151
2216641521
5125344626
2116223565
2344416645
5664254231
4651255251
4255624145
4341622151
6355516443
6664522156
3255335151
6534615612
1521345411
2131214264
1413256143
2316163251
6245142562
5144455464
6465254362
1424324631
1151533225
3314654664
1564612331
6463633155
6114364324
2645256565
5613434321
4211122646
4513652244
1355336423
1333655143
1512563652
6253333412
5321524261
1636421522
2212136161
6241541462
4461152331
4431462331
6654416651
3155222422
1425142221
3542265644
1454524653
2643526531
6343315534
2322623163
6315121416
5364365136
1651366131
3311333632
4312232235
5644641352
5113122422
3155113361
4255552422
6135165623
6564246546
4336322652
2432346421
6543255313
5232633432
1346464264
4662544312
4616613641
4542164254
2651624653
6344216511
6231546355
1263241542
4322431143
2112552623
2164563146
6614555165
2311255253
5563634214
2316666364
6512325261
1311225456
1423536313
2515352516
4613322155
6511642132
4626334153
6466662523
5416114561
4145265633
5423555664
3446352122
2553226144
1263665564
4211613211
5556526546
1641626632
4465121514
4632415123
5263116542
5511443462
1343414454
6356415653
5526212154
1422225332
3343615654
2622356154
2253433526
2422112213
1355535333
6342133661
3241612636
1356541124
6534261461
4525252316
3626226444
1516355242
3512155513
5232523531
3645445414
4361664664
2332626152
3456263126
6652222655
6222446614
6261325454
4665352522
2441461543
5233213355
1412364623
3463562441
3532125135
5614413333
6636332611
4234251315
5151455661
4161644446
4335234344
6663465325
1212321365
3116246255
3363124114
6422142446
5115114264
6422112413
4251551544
4622151246
3642553651
4443326536
5256521662
4432121434
2531236126
5145311452
4635434214
5141254215
2136665555
4266224252
2264512613
4342166221
1631322163
2535526526
2136133453
3355552366
2536413426
5445511665
6652262161
4122641246
1444265235
4335631555
3265266253
1511542231
2531341242
6256265126
6424451334
3125364532
6265444232
6351313142
5332164642
1313266126
3535264351
1332162456
1251344665
3216142615
4331435331
6344654426
5213624226
2313232641
6635545516
6215211563
1321245264
2453321322
2312435665
4464246641
4165636112
3244646145
2135461613
6664421121
3425421353
3252642424
2664256226
2115211336
1544555124
6424234313
4631411525
3436411563
4111141365
5143126522
2426561265
6324355153
1111545254
5641551435
6612436636
6464123464
1242334321
1421655413
4545413556
4553264422
2454242625
2216214425
4525416366
4226246255
5521164213
4136266533
1251311665
4234514231
4441451335
6534612346
5614653626
1425455155
5666215563
4362541615
3614526632
2536641256
5131616544
1514221254
3435245265
5263661123
3552466314
1224453355
1161633246
4216353523
6456364235
2636334311
1114521116
5125446562
3452423115
2122121624
1554514531
5642215264
4254354331
4351215246
3416662521
1655634143
5331613536
3243531544
1215611452
2613626422
1365642615
3424455264
2131246145
2123166221
5145443532
2241326436
5365333443
2212362143
6216513545
3542151441
4664523146
5156136222
4415213213
1241566444
4326335365
3444656466
3164415666
4266425336
6436122543
3316322146
4222343664
1135223352
5443212314
1442424256
1214445455
4521646622
1231465161
1462262632
2334222122
4631412143
4243145165
2321336154
2624366364
1365625116
2262551511
2643534644
5132643441
4513443321
2162231521
4241231411
5346153511
4555454565
1212423515
1141442426
3422155511
3145422125
4543211433
3256321531
3663314265
2362633141
4365211251
2644524124
2314211665
5155541651
2366413446
1533364554
6245364232
1614146165
3212664443
5536521363
3416613225
4413155226
3416125646
2354154261
2432644142
1331111433
4136465433
5146362222
6626461232
6115461556
2364264355
6243623135
6456554553
1355333233
5344333263
3236236253
6654155354
4311443435
3411233666
1562232526
1634245626
3662666643
2411514625
1145424433
2445266322
2143465623
3156542355
3462231121
1644451221
2343452162
6322412355
6614543166
1412123144
4343616346
1636155344
4113542145
2312355223
6145625443
5545111165
4561411533
5136361361
3241242412
5666666222
3224644163
4366214663
4245461422
2111311222
6464326351
1151246623
5221416351
1661135164
3266416323
6526163444
4552366322
6263166263
3251561321
6341254555
5652434133
5413343536
5163435214
2412211424
5164536613
6264325414
5164265221
4352234621
3535643436
4415414651
1211312624
6641122346
1616353511
3553163616
4152324421
2235456334
4652521564
3631312414
1466263111
4256422664
2621115351
4241652334
3334161541
1414121266
3436411223
1216412236
3162124233
2165632266
1135433654
2263423635
3145555112
5631113162
5464263263
3255162625
5151642561
2143431626
3416466113
6256216315
6134155561
1221155426
1611222513
1441612411
1434524261
1414222556
6144323413
3552521561
4365412141
3562322141
4366445255
5625326632
4334634656
5624236326
5636324345
5233166223
4533133324
1415653514
3442331156
1311246125
6662216155
6342363342
6344255312
1362435213
6516521155
6643126364
6356225516
3546522453
6141564351
1333346652
1616316145
4146656344
5332661523
6241333111
3431161126
3143416411
4164364632
3451635355
5411241662
5121441235
3656532332
5435111252
5344345131
2414265466
6623511646
3442432444
3325244222
1336225534
2364564416
6211364351
6651221224
1413125325
6463662625
4342266462
6531265345
2261656651
3655353634
1145135242
3541242224
2144315216
3341443431
3362634242
2563623555
6261235564
4634564331
6264644432
3564556353
1612215555
4335415465
4561264533
3453526224
5625123111
3621144222
3634126434
6514122143
1315553234
6111413245
1115462636
3556235152
5346313523
4663336114
4212561522
1255461426
1352162442
4524153523
3356445356
5651321325
4442113333
3155646363
5643224244
4664462311
4166664466
5165153311
5566611314
5144566663
2622163164
6536642334
2435243514
4315255516
2313344311
4411123425
4461222414
5336556635
3116546561
4352561353
1325352364
2256214555
3511352645
6624116362
2462162553
1615553521
5665464621
1214353164
3663666214
3216223126
3112463314
6366461236
1613131261
1564615255
6453623144
3525453252
3225224522
5441231516
1365243656
4256263521
3144415655
2523361652
4322363245
1166422421
1254643455
5522456564
6225146236
5534125566
6264631544
6214625521
5432246125
6612214151
6366222162
4425415625
5354432112
4326255156
2356512552
5311221265
4432132354
4213626643
6443164242
1234523116
1544133163
5553663144
4222635211
3233454545
6664566422
5216245121
3446613616
1153661461
1523235625
3442115234
1525214221
2566455252
1513432353
4626653651
5254234625
6233353155
4336226512
2232546424
1454564336
4544265461
3216643215
1246411543
1354251435
3244566413
3144351455
5362224563
3326422411
3251655334
5644265333
3243531253
3113121516
3231423231
2353531235
6555113145
1463141153
4413313365
6134416264
2151521524
1556332141
6322645313
1615635613
4335343454
6156262223
4564355526
1141551331
1153526664
4464144422
1363164261
1121521522
6524433233
3135146255
6121531164
1615164162
6554233631
2334413345
3656633461
2512655144
1554253655
1421124563
5612341463
5423555524
6135125145
3225263254
1311164524
3126611452
2425542113
1645425221
5515663114
5425665234
2323126143
4322415445
3153626416
2113445363
2531225442
5461541254
3544511564
2125122136
6532235662
5413433552
1633243665
6622152566
5162214415
4611655352
1326464263
3221332136
6411442622
1664114263
5631253362
6454411623
4213512323
5151245154
3442134532
4163332342
1436533555
1264226613
1413411354
3263553252
5556566441
6435341641
4132362216
2561634263
5423145526
6366466621
6615551242
3422563454
6553144311
4414623343
3452454324
6661634566
4514136415
1346425462
1655264145
5351211533
3454532642
2552464612
1511341162
2133343253
3342465442
3436634142
1365623443
1511645546
3223262341
6313154256
6233153625
6531461564
5461145563
2216513242
3223562241
6512665236
5221442656
3261122642
6161343536
1454436136
2651554463
3232645616
3431541445
5635325521
3541265262
2432345166
4631514444
4552534433
5563656565
4432341263
4515644146
3446515212
6363624143
6155412516
1654153342
2523533255
1212251362
4615563566
5426543154
2366421136
4214521456
4263145623
2145114224
3135645511
5113125652
6565426561
1553656641
5542563134
1421642412
4511562562
5462463626
6154655245
1364212134
3332526615
1426313411
2161513233
6243343624
4633562111
5436422661
4246253226
6461662642
2542226514
1133651121
6525565163
2325525624
1552151635
1546353344
6314112343
2265162263
2223111122
3526244125
6413156151
4545345242
4431646132
4333142626
3331645353
6421513465
5356263542
1464412243
4332342214
2234252442
5451335641
5264316424
6616551352
3665336262
3122131362
4632161144
1515522654
2231265125
4251614161
2144216611
1562356154
2123542512
6222451531
4564225461
3444216562
6642466613
6346154414
4621615343
3566531326
5525263515
4551141333
4241522442
4646166654
4564133643
1434432166
4621213543
1434361626
2536312525
5632615564
6233361631
5643133356
5453365461
5231323661
4232651614
2224543162
6634436446
1146621365
5225136165
5155325563
3255141355
4312264211
1251462514
3135454616
5354425154
1116246245
4152131324
4253525212
4136235214
1242164423
1535456656
4422352356
3341663654
3446465464
6155161651
1635546121
2324621366
6613566625
6542536125
1232612115
4125541143
6152121566
2534333335
6546132164
4123144461
2623315421
1632135523
3464651313
6411316466
6365444344
1655623126
5264226543
4641222233
4244444413
1326415545
1233666443
6264651343
1534553421
2365423126
1523652623
1112355645
1145256232
3411366466
5616234443
4162544212
1436224212
3442533361
3626422234
3552626424
3626312252
1421253451
5156534244
5445351546
3341551525
1223233236
2516624425
6162661652
1634115524
4433326516
4126164321
5164326616
2261163664
4232463361
1143442362
5236612622
5563564211
1615562211
3125364342
1565555261
4644346232
4344314646
1453316561
1646252446
5111434214
5453155166
4535664326
5516325111
4333116126
2331564414
4466433122
6644234121
6263541334
3244241366
4514224122
5626426346
6562266514
6125444542
3321221422
6145254443
5644161346
1425145566
1626413546
4546131124
1532132133
5524516516
3544226346
3524364456
1136235553
3365164525
6645424152
4643465334
4454415445
2636462663
6313443464
2243253361
2253133354
6413462412
2312233333
1434211554
6665232534
4225446615
4621462512
5121413662
4225546233
6214245351
3351166336
1112212251
5344321613
6162251122
1211153445
4324634136
6525255562
1141242322
5145153563
4142211134
3315366224
1431533622
2266263333
6545224512
1313133326
2411446363
3154655234
3111664253
2465265355
6256322646
4554664431
4541324453
2643546666
2335422625
2334151331
2166121312
6246124221
4423452261
2631562531
6223442231
4554642313
4354533212
4312514265
1461145144
4661465262
4664424325
4462613345
3513566513
5612252232
2331663135
4311156446
1153526425
1411255212
5143454621
2222343364
5456444413
6665512644
5543134651
5446414514
4612333236
2544452564
3356151564
3433453666
6515231525
2113445332
1214265433
5242414313
1635231534
5536244463
4434111614
1643163132
5534155544
6652365626
2444122565
2143645356
5512323222
1413511535
3524131451
6646224422
5625456234
1633612532
2554654143
3135131414
4213453445
1456166421
3454232561
3455464336
1362346215
4216235665
1151164262
2126236316
4616213642
3553622265
2136525446
5225313551
4331642144
3114316322
4533254142
5464632513
4526631516
4326613661
3146434533
4431212414
3145362423
4545133446
6344143514
5664642123
4526335435
2226464333
2316525312
5364632321
3543616112
4262336644
5211353435
3356256232
1113515233
6545152532
3235425525
6331351642
1566155166
2335345216
3616116464
4216136325
3623551355
3515422266
1111645661
1554341324
1333136521
1234545616
4551331231
3212316261
4355515451
6153422421
6263311621
2365241622
5315121624
1256156451
3611233256
3645614265
2161262243
3316555253
6134266326
4144216465
3213322656
6162236326
1562334156
3164362424
2541151154
3552661332
3121155356
5145235661
4352521134
3126143426
2244161233
1456123412
5144455131
2333163156
6632262352
1111533133
2146226244
2565155132
1145135252
2244263343
1264264423
4116146161
1264245511
5323112515
2533242563
5463316633
6653641132
1523633231
2152132116
5544216636
2351466265
6114214253
3354255316
2255612426
4461213665
4664554266
4361636362
3161655234
2222635636
5315255353
1565511131
2525256512
6241536344
2416415655
3224351112
5466526463
2164423566
1251251335
6166153643
2666116462
3356332363
3422535241
5112131144
5543426524
6513612342
4456611144
5545122162
3211316514
1633165364
6314366115
5525653352
5242415311
1654553561
1352233164
1446263365
3352242644
3213536261
1342326221
1424311224
4216346246
3452455126
2623631541
1455311252
2145622635
1261115631
4244562454
4566133354
1113252635
1363212261
1326433411
3244334321
4664253326
1622146435
6445434656
2366363611
6415215241
4363521464
5154236222
4124616225
2216343256
3136522262
2461216241
3521215653
6525122134
5162354326
2311262531
4445413512
6113526355
5546564314
2262465566
5154255466
4424643613
6643342433
3616264645
3614552223
4152635565
3451345151
6666252154
4136256535
2413135642
6365263112
4236266262
5223363365
6644214214
2434243346
6115325336
3311426642
4626113334
4124113135
4232523334
3443456625
6462225635
1261244442
2535656511
2431335422
1563512654
4163663443
1556111555
6326124664
3121511346
5546345632
5261652152
2311545325
6144454426
3613454622
6531636462
4365625624
5126631426
1635325626
3544616615
1412233345
5533654315
6451664613
6531631626
5543543656
4145135444
1125241666
5364153565
3143343215
1442264546
6131244636
3351543422
5322136212
2441165413
5524236453
3644545132
2563256412
4216244365
3633316264
2135216423
5654615612
6346316532
6411522514
5114524114
6313313115
2443611164
2462151145
2635256625
2614253516
2655566214
3523665623
3325664556
1361335334
6221526161
1325656325
2545363543
6131425516
4441155466
5114635544
2221431461
5432263445
1613365233
3563515665
3153461411
4262135341
2243165535
4431254413
4314124326
2211644344
5432255513
2125351513
3215212233
2453242513
5414443311
6532224121
4225356532
6115265153
2531333451
3562361663
1154236565
5623215244
4412155422
6663652336
4411325426
2621316316
6464154315
6446132311
1512256416
2541221562
1413554661
3343252634
4444552163
1415634444
4314464524
1641355333
1252554342
1256543116
1524566564
6436311115
1531241132
3645515636
5634325126
1541221623
6312356535
6136361526
5222442411
4525543345
2164432624
6333151433
6234412666
1132522361
4246615462
1566346545
4356641665
6565323625
3163641443
5234622153
2112426141
6641424635
4135544511
2614624126
3516134143
3151245312
2554522432
6224654655
1243422141
6662462554
2243622654
4225511156
5433335536
5515315566
3352616332
4356132114
1551355124
6362231556
3415213134
1435236653
5113362251
1322145333
4462561324
4233221611
3266512541
6415532256
2212632141
1156641331
1615641215
3415561615
5152463526
2223315232
5316566246
6315416421
5524614434
1415451634
2353522222
6456534115
2432133562
3646525522
5561323665
6225463343
6265353421
6436356353
2654236635
6145214242
6414413362
3511226653
6445632243
5616125252
5141661565
3431532144
4212256123
2523542236
5612643632
4613542266
2662425551
5443212644
6454234521
2411164251
3226664253
3566154623
1525612244
2632213513
5456616251
1645164252
2261661342
4412464261
1126464645
2542666646
6164326224
5445233451
2641345545
4416565134
3145446131
5541123354
2213421453
2553413414
1356215311
5125562216
3225131542
1446466151
4416356242
5631335523
4444452432
3434132164
3355251612
4123542513
5426351231
4323513515
1316341623
3263463252
6315252163
3551251455
2162552134
5133664423
5445545641
6451221566
2342422156
4615113256
5444646614
1631241663
5612223153
2352121342
6262514552
2213545152
5536415634
3455562235
3132664646
6164665524
3154112465
5166336366
1422364655
2161643664
2162156565
3445224442
3251121412
2223425241
4463362531
2346645142
6241341422
3125341246
4446563624
3221621555
2646245611
1256341364
6552525363
2162624211
1516362146
2364631562
2643515221
1621661131
5523532624
1136251532
6455334416
3625432254
6416545316
6646433151
4151252662
6352255624
4335623612
5356115562
1313422642
3216656322
3452116331
5415113215
1422425126
5355623236
1611445423
2333351644
1345452465
3651164164
1253425535
3541656362
6333216523
1531146432
6555314136
1563646354
4341363652
4436563652
6531565324
2465461535
3425353415
2544522363
2542426343
5311653524
4322563145
4215265441
4321652346
5545444425
4462435661
2512315134
3236313663
3565635125
6134131313
4316616425
5441536464
4215555361
3461143112
1413624615
6151662544
4234544453
1163614555
2541244554
1213333662
3652515662
6662161245
6345345443
1425635461
1416366551
5334346452
3256433161
3112322454
5314156516
1653542244
6135622561
1123462621
5666665322
2544546611
5353642456
3654556552
6523345441
5623443235
3162252562
4466565523
2543335452
5123224244
6432653561
6245323513
4455452546
1635525313
5412521361
2631645641
1424336364
5541641655
6662311256
1612131216
6261333512
3665414251
2343644245
4444335264
5133312342
4444512645
2336354246
2543242321
4153253564
6621361655
5265616666
1133651236
6364255422
3164521122
1211644146
1251621134
1316411465
3354453612
1543516365
6666415244
3465526125
3322632545
5535325414
5216216246
5124112261
5332535123
2422515611
3445662224
1123664121
2664433621
2146412266
2266661451
3515165253
2356231233
5322232142
3466424353
3354144621
5622365236
1562622346
4554433426
5412665644
2211436562
4355121543
2453424325
3146151615
3423325136
2443356411
1112425326
6512626211
1342414416
3114215552
3424116316
1651133525
5426322146
6356255644
3631643254
5524162133
4143455133
1332341352
1536213633
1432266562
5415152311
4626251244
5535562216
6625515651
6416132521
2325431643
6613513641
4135665552
1165551226
1525156441
3346235246
6551554121
6366644654
2153166321
6511131461
4363222344
6432146261
1456156154
5154341122
4461636516
5632365455
4445154526
1244245641
2621265155
3543354534
1146645263
3316612135
4211326322
6332442123
2435214212
3362664214
6626163241
3212152452
3523254235
4413553111
2115535446
1452256542
2123351662
2425621146
4563434526
6156611533
3152231151
1442165315
1246532511
3224424524
4226241156
1153363262
2311252355
3256225452
3635611164
3554525241
5226123123
5642641124
5245365664
3425245255
2161521446
5445111246
4616416466
6331424612
6611463231
1441462432
6411216221
3242126156
4223654465
5321155345
2632545134
5163156523
1114541151
6462532214
3263422234
6464233163
6113443253
6551524261
5122635546
5213255235
2334126113
1235416642
4113633144
4335432364
4536161353
2435522226
2355126154
1266463152
4366233335
1555441155
5121163655
2161153151
4421646661
6632312554
2165342635
3254563544
3165213556
1515441342
4241653255
5414565314
2364222431
1631613223
5153363322
2315166166
5651413223
4151523132
4223123542
4154541253
2664461424
3353135551
5646442134
4661565142
5623216156
2564663133
6223664114
3561333465
4531153121
3565363426
5551544432
3152342243
5443442246
3335252346
4436263665
6131135464
5221512415
2343364665
6131142324
6422531322
2556455115
4465543542
5546235642
5233265615
1435653244
2316226463
5224311232
3314653233
6644413323
6114663543
2416531666
1413346414
6423255215
1545551145
2335634223
3141454361
2363646415
2255441211
2262542266
1544243112
3664216266
1421466235
3613216351
2345264135
5625256133
2151214324
6123624142
4315535122
3626434112
2625426256
1531555346
2646322161
1665324252
5211321366
5543346553
1332661261
6124316254
5235453452
5415461231
3515346155
1262434235
2266361346
2512246165
3555645615
5626544663
5244665354
6365121334
5455556156
6225324463
4234554633
3143554231
4534462233
3415566225
1645651324
6142154361
4123245166
3315665623
1561546322
3621614236
3116416462
1122525212
1561515622
4161153324
1615322156
3124242526
3522551165
5222146122
2413252524
5611661563
1321115626
2536341121
2154146454
3555253646
1615623236
6646245243
3262231616
5341445132
3346164112
5244314164
6335444112
5425211454
6515345651
4625246111
5143253311
2631661351
4235656132
5355512636
5353136152
6334613441
3343341561
6266334135
5251566126
4141552265
5332361662
4461166546
3146165351
6616134116
5641426352
6236542656
2324161623
1355643255
3346151243
2356362522
1365535661
2213455125
1445612654
4162564655
4553461346
1366314316
4632511626
6132216422
4366432515
1325265123
3634263644
4221142261
3644613211
5661163154
5432524516
3551264615
2631165264
6451325614
4512511532
4123211265
3136433142
5532324666
6453532216
2433551641
5541546463
5351661453
2452654531
6431265521
1246144636
6563145432
3256435264
4336432663
1664132323
2563163333
2466435613
4355112413
4555134436
4331422634
4352164134
1564523445
6456424346
3343554135
2634645556
2141416363
5323162464
3421334446
6531212163
1511231424
2342616322
3566155124
5664462646
4212113441
1412225442
4236152623
5334263456
6646421555
2621514456
6365454645
2515113631
2234166565
2412564326
1644126154
6155256326
1221116141
5414344514
5212446221
5511664345
6315624113
4544231346
2666563242
6114542515
4152663251
2263421515
1635636264
6333226631
3511526616
5462266214
4256423654
5332244613
5313156324
6456212346
4265526455
4122434456
4323656146
1353651313
4512642331
3121424165
2431156542
5441324525
6114524645
6266135121
3544634665
6126343152
4365264623
3616123535
5631641453
4646654331
4251325231
4615635225
3663462321
6334151351
4451436142
3651452515
2141516326
3213445355
1362616616
1133225121
2464211145
6353355235
3416341654
3433462116
2112441361
4416452422
1531443364
1322431523
2324652656
4355162543
5613213631
6651222316
1511354541
1431461234
2211124562
6531314136
1432653243
3265166641
4345454545
4542641145
3331236454
5126512424
1125656251
1112631264
6266462462
2255345553
2136155455
2654343663
3215412111
1513231315
1353342132
1636561522
6621115241
6114542532
1635611364
3113433321
4256264511
3411625556
3121344113
2246646424
2143242562
2236331641
3445662521
5341611462
4452142521
2265114623
3333352653
6251166115
3646113131
3115233541
2641561452
4326522541
3153325522
3414445242
5326431312
3236124332
2523415512
6162422341
5221135445
4436422343
5516432552
2361164514
6643226162
4543223432
4564463142
6626254251
5264244543
2531234543
2226643512
2541256552
1461341266
5562165541
3226415315
1655266245
2356622355
3565154625
5536633244
2642413112
2315355423
3646135363
3551666265
3421211563
6226512225
4342565253
6244541645
4521154315
1131653444
4532362636
1216136425
5612442523
6525415413
2342126532
1221354335
5613612512
2522155333
4221315513
3211441513
6525131535
4432466415
5665531111
3322615564
5565164463
4366453163
3335465513
4266344354
6125312246
5636164561
3363111354
4255451223
6523642515
1543536536
6322556221
5646236222
6614331632
6356136633
2616351144
3546122232
5336561455
1522135415
2152566424
5153114655
6214321442
2443133114
5465136523
3555644611
1545263634
6434243536
6333666553
3626652642
3664116663
1522224356
1226651124
1115436345
6251144361
1542343445
3355166414
2156334341
4365265341
3264565263
1554633233
6342364452
6246411562
1461254233
3232521216
4354526454
5651443444
4243436436
4654351552
1253532314
5514244255
3343314364
4352445116
2335246656
4552643546
3354152451
5142232653
6142321443
6156161344
4466221226
2123516462
1451444511
5614146325
1525513526
6436223452
4623542346
4644434313
5416256356
3222462253
2216152323
3464544232
5151632452
3242343135
4465356155
6136212241
6134655665
1432463515
3124556223
5446511214
5512242132
2633252431
2543133541
2465234525
6246652531
3543553553
6624512135
6556362163
1212331115
5241312625
4231135655
2644351145
4425612254
3551541613
1236466523
1451313361
1164366424
1126455511
4452426423
4314253154
6641466523
5253655516
6253124545
3511613413
6133256614
2255245223
5145425313
4445222261
1344123261
1456232116
2325356634
1451322152
1124612112
1364431633
6241632126
6445464642
2232542264
1234651242
6452226244
1425155455
2435634124
1544511636
2322535525
5525546432
5326363611
6122331652
1254614166
3321644124
2431624562
1126231536
1251225555
3616543631
1336161532
1541541214
5462364434
1656513122
2323546552
1161231524
1646252563
5422322616
3212325342
5461343634
1236536322
2611352325
3414254544
3612311451
5642246566
1223353426
3452343624
1664643432
3423364633
1344314321
1643433525
5534564341
5255535163
4562424366
6461554364
4252315264
3621633462
5414214633
6163512243
1211536564
5431526362
4354134261
2122562135
4221643344
5535261351
5112323325
5463313633
4654361513
3342365415
2561335626
3351145654
5166566164
4251456411
2531142141
5236556652
2632631324
5141324433
5216413464
4565612164
3454516362
1112144433
3343452341
4216532366
5454141334
2625561155
2462436652
1521466261
2263541164
5264263414
2224623365
3564526523
5645521323
1511442631
5552146151
5421245333
2561655361
4424431144
3532651562
6162221544
1233445324
6463536533
3524263262
5326226245
5642636666
5532666466
4535432314
1412346242
1521463635
5323661633
3253436452
1545336315
6525621331
3126623433
3211552455
3164163123
4325561533
6265612164
4451215561
6615555555
6654314252
2112663116
6411416632
1641221634
5334236145
2246325135
4351353434
4223334265
3545315136
5541453124
1263543421
6226423654
1145661616
1355133161
6221361414
4214336335
5546126136
2153364556
2344333516
1562133556
6146536232
5644121565
2534146611
6143516236
5315122235
3263365346
2424365356
1536316122
4562636366
6543241533
6534564642
1326442364
5431222656
4561442545
2555142456
4155465364
3562543344
3636651623
5415556112
1564456444
3413355524
5125461342
2456334654
2324156116
4335112365
6666234656
4211423462
6634325654
3643523222
1525562366
6661611651
4361655266
1134632311
3556322633
3216142261
1323246635
6431115526
5353135654
5364433411
6635461664
1551464534
2633461643
1611215341
4413522413
1352122625
2546114423
5422163333
6112453432
5324653155
3413622416
5223233644
3324544531
3154565335
2244154126
6516626465
6155465364
6425541125
4133156624
6243546334
6553216635
4365461152
2311666454
6166324342
5321351661
2261654454
1123253424
6326426666
4411252452
2165661245
6322453234
1363516366
4314541553
4114344424
1636556326
2622431352
4342561542
4551526416
2326533344
4222112412
1262611344
2634236143
3464123524
4124236255
2165131431
4551525511
2454536161
1245461221
1143322641
4353234154
4242324554
6612633641
2516322245
6554242632
5355366322
4264155331
6653343334
1161621416
3153352624
3554635661
4336555333
4615414612
3143424335
6122445661
3632322332
2545532123
5536556214
5445622151
1124415225
6626411226
6564226336
4535521215
4146364233
6332653533
1261445444
2641656525
2535462451
4236212553
4246534653
2354342121
1545655653
3453542333
2541565366
1323116643
4362162115
4232546532
2355553262
4616613112
2553633336
5314462213
2232542312
1256422411
1251146245
1522553255
3262262534
2316416244
6363352254
4124266154
5644353141
2153236265
3545666353
3312445354
4535365434
2441531412
5125523115
2225425132
6234556324
6433355354
5342412235
1556211664
5414434464
1511565462
3311261512
4151113314
3366361345
1635223423
1126651265
4466421435
1116143132
2414141255
6452224524
4542563661
2322541243
4663116444
6321616652
6514314162
5153442112
3543236224
6465566626
5351636424
3321611644
4262414365
2626341666
1226215452
3356663166
4534346154
1631221351
4264436316
6214242643
4254625652
1461443632
5634314422
4355354464
6343426461
3366334616
6255555646
6164446164
4262223556
4231324321
1352632235
2554362642
2612423435
6541253633
5135245563
6364515233
2245116334
4326154141
4451223513
2664315451
5515313144
5535441111
6226431344
3523554333
5355223336
2441312634
3251426543
6216451564
5545223464
4124246146
6355412615
1526125245
4113632321
5524525224
1412566563
1423311353
2444562644
4163545663
4531314661
2646432646
5226525151
5415333232
2244313212
1145253136
6642151436
6446212263
4335133332
2464263554
4626415125
4525436612
4313616646
6114556354
6664414441
2133136242
1231541364
4235444256
6521133451
4556211416
6556662366
2435155253
2123462321
5654315335
3121424156
1454345152
1466256421
3151621124
1246223135
2445361316
6231441225
4652414642
5551363352
3641114235
2134444221
5326611342
6324631416
2442655652
2465661335
4341652336
2444232535
1233412352
1565235511
6265612166
3452316251
2146331344
6424612526
5252352216
1653442232
4321412155
1214516623
3311311345
5623523651
2636514265
6151664362
5635233311
1166421555
5211535311
1251413266
1335414526
3356343443
2556641151
1524545532
6452443134
5416413156
4616631551
2211634441
5214551115
5446264455
6425233552
5451232311
4531125141
5433453315
1462352113
6456511265
2546425355
4163515226
6625661553
4642426235
2435334334
4651631544
3156252546
1133555211
4264266212
2364642626
3613512165
5641225513
2252352113
3226234414
4214436656
6551551116
1532444346
5332432431
2346666634
2665211322
2334242463
2153122533
5212131516
1463322613
1252443266
2444463426
3554261656
1544445551
3222616515
1422151325
5354234556
4265265633
6166345546
2545113361
5136623236
4352444416
4344463543
5426165324
4231561343
5316634646
1445225451
5524612453
2421536646
2562456644
6522653312
6653145556
3346231614
4516323251
2543256565
1355614363
6364513642
4216416351
2621253235
4266312654
5511321561
2542154225
2364212451
6663122351
1221223332
3162352316
1466121233
2564624334
5416262526
1446253322
4424313546
2626125512
3234252415
1642312553
4512415352
3316352325
5144535553
6311554565
4362451131
4514463623
5415623522
3335622332
5114144352
3633156163
2451145341
5264633636
2251635423
5324444452
1333242122
4312652153
4164612256
1465233243
5224164214
5362311443
4636356115
3243544233
6322654355
2646225332
2331511241
2652626135
6655653235
6614531645
1244626144
6243142162
6134522635
6241463154
1551621166
1364424331
1364636154
1166115442
2444264423
6125364461
3142122434
5511252121
4446462564
1423435261
5566435652
4334353624
6511265551
1233531514
5626553332
3636115455
3522353116
3446656151
2662222163
1312464635
5212252151
2635221511
5223624412
3413365522
3161541336
2435463243
3331411126
4465326633
5631154544
4156624333
3321341414
3241446655
1625142435
2634611461
4624222421
1553611155
2216444144
5144622146
2244564462
5153243653
1356463252
2246524354
6655621314
4654436666
5634532342
5351512416
6221613261
1135363162
2621345441
4342454414
2431562125
1444363365
3614233422
4644421456
3351123646
6636143556
5113626265
6563655363
5422642665
2623435315
6464116462
3515621661
6661462222
3663552425
5541426115
6552254462
6531612215
1136341322
5364654344
2424133164
5662365364
6562244246
5264613432
3121136633
1331156544
1231535261
4124421111
5465545635
6115434353
2333235336
4636336636
4315421116
5611215156
3115226366
5231512115
3444466245
4213146442
1234111366
5422655566
4243356334
4253315541
4513552145
5662663455
1322631114
6346262433
4254322215
3543324555
2655523522
3551441243
5223425521
4636424432
5566322515
3462245125
6256524333
6113554236
2651535544
4361512324
4461462161
4533465631
1622435546
1134416664
3165536322
1255242514
2511322262
6513214253
1343443254
5456542435
6525242356
1241155441
3262452664
2561125162
4446231415
4613434415
3621146243
5515334623
6331441145
2652112546
5641415435
1125565332
3661526544
1453314246
5261154534
6563331366
1626221254
1332443415
5232253162
2564323326
5146541232
2465263551
4643612233
4564516534
4244152313
5622221635
6265535533
1325652143
5433636653
1653656634
2663444321
4514613526
3163455645
4525533535
3533452554
4342315124
3422622243
2222425655
4226123315
1252415632
5336331353
6323135644
6655635514
3321442544
3332523161
1422131132
1544451644
6533514664
5363565615
3415221314
3315345623
6362451522
2161526162
2165341561
3623155651
2361464261
5452315326
3213344231
3325335524
3523246541
1151222635
5621334643
2131246553
4322254166
6163362152
4524335363
3632515543
3531562266
6255133656
3314143566
4542655161
4612115311
4125435564
3642114322
4242243216
4131112212
6554234112
5561263145
3311326261
6433654224
4424165121
5343625616
4346252144
6533452136
5421453464
4521131142
1531261664
3364651265
5465435344
6231661556
2135612665
4265415555
1152144424
2161131144
1263613314
1645264233
3264221432
6222662251
1646651233
6126654646
6532334514
6166613665
5613334126
5646433144
1315124331
2326243133
6315565344
4444256526
3125134251
1162324523
5115264142
5125622113
3511111534
3415665215
5314212433
2621254364
5264414631
6623646144
2611645426
3424554552
4261632314
